24/12/2022 07:37:23 Jogo 01:  04 05 07 11 12 20 21 23 37 38 43 49 52 54 56
24/12/2022 07:37:23 Jogo 02:  04 08 10 11 16 20 24 29 39 47 49 51 52 54 58
24/12/2022 07:37:23 Jogo 03:  02 04 05 06 12 13 28 29 31 32 35 40 43 57 58
24/12/2022 07:37:23 Jogo 04:  05 11 14 15 18 21 24 30 34 44 45 50 51 55 58
24/12/2022 07:37:23 Jogo 05:  06 08 10 12 13 15 17 23 32 38 40 46 51 52 60
24/12/2022 07:37:23 Jogo 06:  03 04 09 12 13 14 18 21 36 38 39 43 45 46 59
24/12/2022 07:37:23 Jogo 07:  02 03 04 12 16 19 21 28 38 49 51 52 53 55 56
24/12/2022 07:37:23 Jogo 08:  04 09 11 15 18 23 27 28 35 43 46 49 55 57 59
24/12/2022 07:37:23 Jogo 09:  01 04 11 14 16 22 27 30 39 42 47 50 53 59 60
24/12/2022 07:37:23 Jogo 10:  06 11 18 20 21 24 28 29 31 34 45 46 52 56 57
################################################################################
################################################################################
24/12/2022 07:37:44 Jogo 01:  03 06 14 15 19 20 22 27 32 39 41 48 51 53 55
24/12/2022 07:37:44 Jogo 02:  03 05 07 12 14 25 26 27 44 46 47 48 50 54 56
24/12/2022 07:37:44 Jogo 03:  03 10 11 18 19 20 25 27 36 38 39 48 53 57 58
24/12/2022 07:37:44 Jogo 04:  02 11 16 17 20 22 26 28 34 41 45 48 50 56 59
24/12/2022 07:37:44 Jogo 05:  01 03 04 12 20 21 22 26 33 37 39 42 50 53 56
24/12/2022 07:37:44 Jogo 06:  01 04 08 18 21 23 29 30 38 40 42 46 47 51 60
24/12/2022 07:37:44 Jogo 07:  01 04 15 17 18 23 24 25 31 36 48 49 54 55 56
24/12/2022 07:37:44 Jogo 08:  01 03 06 11 12 15 19 21 32 35 37 38 51 54 55
24/12/2022 07:37:44 Jogo 09:  01 02 12 15 17 18 27 29 35 39 46 47 51 56 58
24/12/2022 07:37:44 Jogo 10:  01 05 08 10 19 25 28 29 35 40 49 51 53 54 58
################################################################################
