01 07 27 43 56 57
01 08 10 33 47 48
01 17 30 34 40 54
01 24 27 34 35 41
02 10 12 34 49 57
02 10 17 38 43 51
02 13 30 31 34 43
02 19 30 45 47 54
02 20 23 52 54 58
03 12 26 31 56 58
03 13 23 36 40 56
03 18 25 51 52 53
03 23 26 31 36 57
03 26 28 40 44 48
04 17 27 35 42 58
04 23 25 45 46 52
05 06 11 41 43 55
05 06 17 44 50 58
05 07 11 31 34 39
05 10 14 38 39 48
05 10 25 41 48 52
05 11 13 37 43 53
05 20 23 34 56 58
05 22 25 32 44 56
06 10 29 36 40 49
06 12 23 39 45 52
06 13 30 47 50 57
06 22 26 39 47 58
07 09 25 39 45 47
07 22 26 38 39 43
08 09 11 33 42 47
08 15 25 32 40 52
08 18 20 31 36 42
08 23 29 39 43 45
09 13 25 40 54 58
09 16 19 31 38 47
10 14 15 34 50 56
10 14 30 39 44 57
10 16 30 38 45 60
11 20 23 37 47 56
11 26 28 50 55 57
11 28 30 37 41 51
12 13 27 52 57 58
12 15 17 34 53 56
12 18 19 32 34 38
13 15 19 37 38 59
13 18 29 58 59 60
14 16 27 40 46 53
14 17 25 38 40 42
14 19 30 33 43 59
15 18 19 32 34 35
15 27 30 37 46 53
16 20 27 38 49 54
17 21 29 34 45 58
18 21 26 39 53 55
19 20 25 36 46 49
19 20 26 38 47 56
21 22 25 37 51 60
21 24 25 46 48 60
24 28 29 43 50 57
